x	y
29.28269	102.42424
38.97595	101.21212
48.99427	100
58.72138	99.39394
67.74685	99.39394
77.4181	99.39394
88.46996	99.69697
98.24956	99.69697
197.02253	100.90909
291.23019	101.81818
383.95701	102.42424
487.27117	102.12121
584.01188	102.42424
680.22733	101.81818
777.33357	101.21212
888.30226	100.60606
967.86879	99.69697
1940.89382	96.36364
2980.43999	93.63636
3967.03579	93.93939
4892.55435	98.18182
5920.06057	102.72727
6765.18214	104.84848
7804.99019	106.66667
8667.76507	107.27273
9718.1014	108.18182