x	y
29.00491	113.93939
38.60621	111.51515
48.5295	110.90909
58.16433	110.60606
67.10419	110.30303
77.4181	110.60606
88.46996	110.60606
98.24956	110.60606
198.90945	113.63636
288.46749	113.93939
383.95701	113.93939
487.27117	113.93939
578.47176	113.63636
686.74199	112.72727
777.33357	112.42424
879.87553	111.51515
977.13824	110.30303
1940.89382	103.93939
2952.16657	101.81818
3929.4032	103.33333
4892.55435	106.66667
5863.90094	110.30303
6765.18214	113.0303
7730.94952	114.54545
8750.7778	115.75758
9718.1014	116.36364