x	y
28.72976	127.57576
38.97595	126.66667
48.99427	126.36364
58.16433	125.75758
67.10419	125.75758
76.68368	125.75758
87.6307	125.45455
98.24956	125.45455
195.15351	125.15152
291.23019	124.24242
387.63424	123.63636
487.27117	123.33333
584.01188	123.0303
680.22733	122.12121
777.33357	121.51515
879.87553	120.90909
958.68727	120.30303
1940.89382	116.36364
2924.16136	112.42424
3892.1276	110.60606
4892.55435	112.72727
5863.90094	115.45455
6765.18214	118.18182
7730.94952	122.12121
8667.76507	123.93939
9718.1014	125.15152